qqqqqqqqqqqqqqqqqqqqqq
wwwwwwwwwwwwwwwwwwwwww
eeeeeeeeeeeeeeeeeeeeee
111111111111111111111
2222222222222222222
22222222222222222222222
22222222222222222222222
33333333333333333333333
3333333333333333333333
333333333333333333
456

456
465
46467789798797979797
111111111111111111111
111111111111111111111
111111111111111111111
111111111111111111111
111111111111111111111
111111111111111111111
111111111111111111111
111111111111111111111
111111111111111111111
111111111111111111111
111111111111111111111
111111111111111111111
第一次修改
